[(512><1)
 [   1.903952768740302e-2
 , -2.7181850254183234e-2
 ,    -5.6301372622916e-3
 , -4.4021811059341866e-2
 ,  -7.655255818393368e-2
 ,   3.550460132739979e-2
 ,   4.153376774105062e-2
 , -1.8510054610645255e-2
 ,  1.5147582847503762e-3
 ,  -9.462002503262157e-3
 , -5.3250538463482454e-2
 ,   8.198335947212945e-2
 ,     6.9938981670161e-2
 ,   9.888183105383731e-2
 ,   4.600185948858302e-2
 ,  -9.513226888518544e-2
 ,  -2.590764853194798e-2
 ,   4.282982359426192e-2
 ,   6.476438738007267e-2
 ,  -8.618732920058021e-2
 ,   2.081832735968087e-2
 ,  1.8783290052372024e-2
 ,   4.964814408821412e-2
 ,  1.0728156429123057e-2
 ,  -7.403553288825529e-2
 ,  -8.196918975304006e-2
 ,  -3.162098771878107e-2
 , -1.7442505552284028e-2
 ,  -4.888019118501825e-2
 ,   5.640133204966782e-2
 ,  -6.135211787420935e-3
 ,   3.988083670870866e-2
 ,  -4.492955596246425e-2
 ,  -3.304328303325006e-2
 ,   5.154036939771234e-2
 , -2.9186433931604094e-2
 ,   6.484848641254662e-2
 ,  -3.353526223201245e-3
 ,  -5.176697670699434e-2
 , -1.7050525191515931e-3
 , -1.6461824426743682e-2
 , -2.0175897133551127e-2
 , -5.6614849572142485e-3
 ,   8.223642367011298e-2
 ,    9.00444893443373e-3
 ,  4.9330861467986466e-2
 ,   -0.10252504293822938
 ,   9.823114011710983e-2
 ,  -8.234022126619493e-2
 ,  -8.346263790422997e-2
 ,   3.638491632294666e-3
 ,   3.752719207579478e-2
 ,   5.966375669562046e-2
 ,  4.4506744966584535e-2
 ,   6.870457604796239e-2
 ,  -7.280803341489649e-2
 ,    5.67315384846999e-2
 ,    0.10336635022404295
 ,   8.757260164610577e-2
 ,  4.4977830624536246e-2
 ,  -5.343038571951009e-2
 ,    8.22020714725431e-2
 ,   9.285418257248312e-2
 ,  -3.058339192957649e-2
 , -1.3322528082842114e-2
 ,  -1.555914466951992e-2
 ,   -9.60510173515467e-2
 , -5.6881726862548464e-2
 ,  -8.346871121091605e-2
 ,    6.45887975810199e-2
 ,  4.9213661534899866e-2
 , -1.9795297957251115e-2
 , -4.0951823529383743e-2
 , -4.8249686812348765e-2
 ,     0.1058329171156833
 ,   9.293632550500336e-2
 ,  -5.930857688019067e-2
 , -2.4385698132379115e-2
 ,   3.416739646993728e-2
 ,  -5.482528817593315e-2
 ,  5.6659724040083646e-2
 ,   5.967341772401112e-2
 ,   7.266911194742627e-2
 ,   2.971215156749067e-2
 ,     -0.100902538567596
 ,   3.704801617418435e-2
 ,  1.2723556308528205e-3
 ,   7.880353482778281e-2
 ,   6.564545596894893e-2
 ,  1.2298318230243759e-2
 ,   -4.34649268071316e-2
 ,  2.5835662755475094e-2
 ,   4.651048791055273e-2
 , -2.3766103885343816e-2
 ,  1.4554742048637373e-2
 ,  -9.694707375780586e-3
 ,  1.7143400692720266e-2
 ,   7.793454552142776e-2
 ,   -6.94597448206918e-2
 , -1.2398955540898634e-3
 ,   5.493480182321844e-2
 ,   9.037025727742848e-2
 ,  2.7078620876511365e-3
 ,  -9.402423131401066e-2
 ,   3.838089146140379e-2
 ,   -6.94958394772019e-2
 ,  2.3063878486135274e-2
 ,   3.476902479231127e-2
 ,   8.714457213010364e-2
 ,   8.731643594247954e-2
 ,  -5.422962273128711e-2
 ,  4.5312412430961534e-2
 ,   3.401567223890117e-2
 ,   1.636263079906754e-2
 ,  -4.591587024150287e-2
 ,   3.397802681719663e-2
 ,   6.583760929257775e-2
 ,  -3.753025570702621e-2
 ,   5.678764454463594e-2
 ,  4.0967744208639204e-2
 ,  2.7433807686808104e-2
 ,   1.122817279351933e-3
 ,   6.256930443469468e-2
 ,  -3.383594290136802e-2
 , -1.7894689392042105e-2
 ,    0.10083952023521683
 ,  -5.793161265060146e-2
 ,  1.5401170177974514e-2
 , -1.0734764357532532e-2
 ,  -7.390422577739861e-2
 ,  1.6860746032999602e-2
 ,  -9.581947178842629e-2
 ,   8.578251393415237e-2
 ,  -6.884520714378983e-2
 ,   3.298351004767478e-2
 ,  -3.984575571482241e-2
 , -2.4911661547444786e-2
 ,   9.703706384849514e-2
 ,   6.133715757600111e-2
 ,   8.538714218013073e-2
 ,  -6.798791222532734e-2
 ,  -2.321985098720075e-2
 ,   8.409163706022386e-2
 ,  -6.012215379093088e-2
 ,  3.5024351507940608e-3
 ,  -9.243760726500724e-2
 ,  1.0236387677070526e-2
 ,   -2.65907123520382e-2
 ,  -4.516737851084542e-2
 ,   6.790804459739572e-2
 ,   6.282750179243585e-2
 ,  2.2747048887588984e-2
 ,   5.612965190905258e-2
 ,  4.6573542962143465e-2
 ,  -8.449510725069137e-2
 , -3.7852346560777518e-3
 ,   6.667139690994973e-2
 ,  -8.979885330935317e-2
 ,   8.366393852630563e-2
 ,  1.0996937467470367e-3
 ,   8.582679018096365e-2
 , -2.7728226121849192e-2
 ,    3.77819489165669e-2
 ,  -8.262283033201144e-2
 ,   6.265439172009991e-2
 ,   2.666233057405286e-4
 ,  2.5586901027659575e-2
 ,  1.0621199422454704e-2
 , -4.8517687068998965e-3
 ,   5.599405094138524e-2
 , -2.3133990721107604e-2
 ,   6.914435168403944e-2
 ,  -4.119940126421222e-2
 ,   8.681974530629803e-2
 ,   -9.86189368306694e-2
 ,  -4.453585220368342e-2
 ,   5.095146984181438e-2
 ,   -8.69244127027242e-2
 ,   3.491297099139569e-2
 , -4.4945950989057785e-2
 ,   7.895538495243276e-2
 ,  4.8024772609341695e-2
 ,    -8.5049517713264e-2
 ,  -3.215888332342852e-2
 ,   8.843665590385957e-2
 ,  6.0810874724473336e-2
 ,   9.512671372642496e-2
 ,  -1.413421755706856e-2
 ,  -5.261399644990063e-2
 ,  -8.419949105380158e-2
 ,   7.456839029150308e-2
 ,   6.162962013273299e-2
 ,   7.621905793432328e-2
 ,  -4.647505308542771e-2
 , -5.1197723988812574e-2
 ,   6.245434727123237e-2
 ,    -5.0654224559874e-2
 ,   5.080783233730414e-2
 ,   8.345182046953002e-2
 ,  1.7917148790570778e-3
 ,    0.10143362522880084
 ,   7.675778188331639e-2
 ,    0.10877869968894274
 , -1.4209558696811548e-2
 ,   -8.93804982762351e-2
 ,   4.088389387425823e-2
 ,  1.4917768182283152e-3
 ,  -6.647814430661451e-2
 ,   9.314378735794561e-2
 ,  -3.782312559829308e-2
 ,   9.884981936477054e-2
 ,  3.8401616204953755e-2
 ,  -5.647559251455531e-2
 ,  -6.037866694350451e-2
 ,   -6.64852285929749e-2
 , -4.4263815290012894e-2
 , -1.3532840345943313e-2
 ,   3.159492305653037e-2
 ,   2.660820902330695e-2
 ,  -1.908097800223359e-2
 ,  -9.690374553848123e-2
 ,  -6.684454746361296e-2
 ,   -6.83529676537255e-2
 ,  -8.767957749533993e-2
 , -2.0846806610528606e-2
 ,   6.352064264328869e-2
 ,  -6.531548749965532e-2
 , -4.2767204326666156e-2
 ,    -6.8293229911248e-2
 ,   8.550185258958147e-2
 ,   9.297713522282754e-2
 ,   2.580396618954696e-3
 , -1.9568473451353825e-2
 ,  2.5557306410515478e-2
 ,  1.4593575553600502e-2
 ,  -7.619976978186412e-2
 ,   9.249254244364986e-2
 ,    7.27305422232883e-2
 ,  -6.385606063655479e-2
 ,  -6.454439943263113e-2
 , -5.3084640082208034e-2
 , -2.5760794467324533e-3
 ,  -6.760728632129692e-2
 ,    8.78118277185962e-2
 ,  -7.330349381687044e-2
 ,   3.104679736150223e-2
 ,  -7.639819250418782e-4
 , -2.9053973809042087e-2
 ,  -8.770682697751142e-2
 ,   5.042359094433961e-4
 ,   5.358735656087845e-2
 ,   8.006067483384213e-2
 ,    0.10186975943181917
 ,  1.1305701657844884e-2
 ,  1.9822052254949672e-2
 ,  -9.262376346424582e-2
 ,   6.940553628202123e-2
 ,  -5.253202636774232e-2
 ,    7.60818305488896e-2
 ,  -2.522897477879806e-2
 ,  2.8667333649048774e-3
 ,  -7.108674661941444e-2
 ,  -2.028317232036233e-2
 ,   4.771867828576336e-2
 ,   -2.43390020473681e-3
 ,  -7.664692032513185e-3
 ,  3.1270059465132595e-2
 ,   7.931181787825345e-2
 ,   6.105395764411846e-2
 ,    0.11748582649623007
 ,   6.726868352787836e-2
 ,   3.568246747994946e-2
 ,  3.3437921587951516e-2
 ,   6.579165108042097e-2
 ,   9.397471569219437e-2
 ,   4.652259880477559e-2
 ,   6.459367074909977e-2
 ,  2.6253457047355738e-2
 , -3.2854821199434975e-2
 ,  -4.568257768088097e-2
 , -2.9280419654076455e-2
 ,   5.694178796909656e-2
 ,   1.093880220092197e-2
 , -1.0644383488913648e-2
 ,   -7.94370823027269e-2
 ,   5.655724524089419e-3
 , -6.1015471126366135e-2
 ,   9.396397741441251e-2
 ,  -7.527398654271321e-3
 ,  3.9655705953365304e-4
 ,  1.2020736321644545e-2
 ,   -3.19698520249759e-2
 ,    1.73822196868681e-2
 , -5.2015415846213026e-2
 ,  1.2835164835664168e-2
 ,   6.212453684271505e-2
 ,  -3.370031619914115e-2
 ,  -6.461186003745895e-3
 ,  -5.558224215409776e-2
 , -2.0779162087607456e-3
 ,  -8.184872825073154e-2
 ,   5.942298083105494e-2
 ,  -7.804277665341179e-2
 ,     4.8610158458742e-2
 ,  -1.701951561812988e-2
 ,   6.351322276272359e-2
 , -3.7507041248638524e-2
 ,   8.235687945330734e-2
 ,  -6.847520453717587e-2
 ,  -4.701068367858328e-2
 ,   8.723979085363906e-2
 ,   3.664451913464475e-2
 ,   9.959396244232017e-3
 ,   7.266031103685679e-2
 ,  -5.058296664879976e-2
 ,  5.4261829400556474e-2
 , -3.1486900143797264e-2
 ,   6.002787672203078e-2
 , -1.2561015955917748e-2
 ,  -7.466996433706134e-2
 ,   -7.45351613534861e-2
 ,   8.389399163694164e-2
 ,   8.640957539111874e-2
 ,  -2.887141596191486e-2
 ,   8.151692222285067e-2
 ,   -5.70194682973771e-2
 ,  -4.984876713986761e-4
 ,  -7.006586974727836e-3
 ,  -4.900585606909095e-2
 ,  -6.967741589822271e-2
 , -4.0319986314009404e-2
 ,   3.979518688286655e-2
 ,  -7.047393868853806e-2
 ,  -7.197873210578146e-2
 ,   -8.98568972123924e-2
 ,   7.231656912698343e-2
 ,  4.3312941054006786e-2
 ,    0.10412120512650548
 , -5.3152395175390194e-2
 ,  -6.520514286046124e-2
 ,   7.181890343859343e-2
 ,   7.192562543858606e-2
 ,  4.0718742067798325e-2
 ,  -8.540035409344924e-3
 ,   4.586265083511104e-2
 ,  -3.889915560176237e-2
 , -6.0808071491080744e-2
 ,  3.0765567321374657e-2
 ,  3.8496437469997626e-2
 ,  -1.679298468894078e-2
 ,  -4.477693678403219e-2
 ,   6.523087529740997e-2
 ,   -6.79724726715153e-2
 ,  -7.796799350072002e-2
 ,   5.031174318447996e-2
 , -7.2311135626050875e-3
 ,   5.306863363018929e-2
 ,   8.206448377551016e-2
 ,   3.152225499577026e-2
 ,   3.439905914018479e-2
 ,    3.56697028756673e-2
 ,   4.706868083751947e-2
 ,  -7.245285614225197e-2
 ,    9.44329653409415e-2
 , -1.5225993960336012e-2
 ,   8.065781908022285e-2
 ,   6.157281727293421e-2
 ,   7.934865800745744e-2
 ,  3.5864506796808665e-2
 ,   2.114925824469949e-2
 ,  -5.207680281406725e-2
 ,   5.495191173950869e-2
 ,  -3.496135426855021e-2
 ,  -5.920737260647951e-2
 ,   -7.73073982838989e-2
 ,  -8.759321579628179e-2
 ,  5.8261523589628716e-2
 ,   6.936559975094464e-2
 ,   3.581019470135401e-2
 ,  -5.687087296783924e-2
 , -1.7552590058034757e-2
 ,   6.482421612972632e-2
 ,   6.730359408750926e-2
 ,  -2.316675400592459e-2
 ,  -7.300177972981937e-2
 ,  6.1722011502830215e-2
 ,  -7.037641496804303e-4
 ,  -7.314143736760727e-2
 ,  -6.359992448274888e-2
 ,  -6.999538612074888e-2
 ,   8.289058188512613e-2
 ,   8.208649040793912e-2
 ,   8.348915141462655e-2
 ,   8.969331220864209e-2
 ,    8.42656240825446e-2
 ,   4.424837277285517e-2
 , -4.7308534006900514e-2
 ,  -6.994439807267724e-2
 ,    2.76174830669306e-3
 ,  4.2831215125105196e-2
 ,    4.24984172039884e-2
 ,  2.3311234160811087e-2
 ,  -6.988514594259894e-2
 ,   1.859440761447027e-2
 ,   5.801218756533817e-3
 , -4.3637221445315254e-2
 ,  -8.044780284952022e-3
 ,  -8.189189953090607e-2
 ,  -9.808612884135209e-3
 ,   5.781102882902184e-2
 ,   6.443124197738646e-2
 ,    0.10190049383752868
 , -2.8328345250323347e-2
 , -3.3576165786729686e-2
 ,   5.833002272988436e-2
 ,   2.612982214240443e-2
 ,  2.9869567852171965e-2
 ,    6.28903338602532e-2
 ,  -8.386792609187553e-2
 ,   8.178942433168923e-2
 ,   7.786359949210845e-4
 , -2.0403413534149387e-2
 , -2.3717451309938593e-2
 ,   5.091336092894973e-2
 ,   9.239972882416948e-2
 ,  -9.514326194575828e-2
 ,  -9.011241584707357e-2
 ,  -4.709228547735999e-2
 ,  4.5210772625569495e-2
 ,  1.1268164637652508e-2
 ,  -8.904969957484161e-2
 ,    -9.8405767482084e-2
 ,   7.093957420374822e-2
 ,  2.4822528580794437e-2
 , -3.3932693856372556e-2
 ,  -5.879570273301217e-2
 ,   9.590708727121337e-2
 ,  -1.691420169553926e-2
 ,  1.7269309429928763e-2
 , -3.6376026061454486e-2
 ,    2.37617374669351e-2
 ,  -2.532931953753454e-2
 ,  -3.718119984215642e-2
 , -1.4542451854137153e-2
 ,  -2.239390518549743e-2
 ,   3.405672470997246e-2
 ,   7.981369737759024e-2
 ,    -9.6815950790262e-2
 ,  5.4454589688572384e-2
 ,  3.1157034046429128e-2
 ,   6.937057355124124e-2
 ,  -7.930140365772305e-3
 ,   6.197849967343951e-2
 ,   6.024586774040933e-3
 ,   -8.48335430653797e-2
 ,   8.369775404600316e-2
 ,   -8.25370759988385e-2
 , -3.5170234883892086e-2
 ,  -3.688697555111049e-2
 ,  -6.108254758656694e-3
 ,  2.3862928713002635e-2
 ,  3.9849384318624136e-2
 ,   -8.41258154023982e-2
 ,  1.8597734413667685e-2
 ,   9.600576770814853e-2
 ,  -7.849290402976099e-2
 ,   3.204064984588087e-2
 ,   6.478322160181527e-2
 ,   8.392243923090658e-3
 ,    0.10632594080293914
 ,  2.7881073818038185e-2
 ,    0.10943179820486754
 ,    0.10364447310626208
 ,  -7.864734852563172e-2
 ,   7.638798799629047e-2
 ,  -9.084416284049428e-2
 ,  -8.749657954383594e-2
 ,  1.9607460173506112e-2
 , -1.2405714497507794e-2
 , -3.9184090629839484e-2
 ,   6.769484483699079e-2
 ,  -5.644234879489148e-2
 ,  -5.883845063529712e-2
 ,   7.773396543090264e-2
 ,   4.233441811084557e-2
 ,  -7.933613576077461e-2
 ,  1.0510180498687061e-2
 , -1.4352975446458662e-2
 , -4.5298937841368625e-2
 ,     0.1065557202273962
 ,   3.198027371057911e-2
 ,  -8.405444193362431e-2
 , -2.4267635557720026e-2
 ,  -5.582243214672669e-2
 ,    5.86478710457771e-2
 , -2.3146824553940536e-2
 , -2.2366748517162728e-2
 ,  3.1701821159917244e-2
 ,    8.11293996760077e-2
 , -2.3394111555585136e-2
 ,   7.483739924746091e-2
 , -4.7109353790618355e-2
 ,   4.427822686288434e-2
 ,  -9.558774778302927e-2
 ,  -8.472999416850659e-2
 ,  -8.642684848019064e-2
 ,  -4.878653055181068e-2
 ,   8.480709640731066e-2
 ,  2.4732967713863605e-2
 ,   9.323585133807573e-3
 ,   5.381519154177762e-2
 ,  5.0780272108474495e-2 ],(256><1)
 [  -5.180358693756257e-2
 ,    4.03456050668748e-2
 ,   -3.38546600192399e-2
 ,   8.594819085456387e-2
 ,  3.2559752534724554e-2
 ,  -7.113500110424827e-2
 ,  1.8124326879682396e-2
 ,  -6.460963865809559e-2
 ,  2.8328754724374686e-2
 , -2.9125604792829725e-2
 ,  -4.929749191550944e-3
 ,  1.8162175369873773e-2
 ,   8.801856994100042e-2
 ,  -4.780141555068337e-2
 ,   5.447370804128824e-3
 ,  1.8377153879201573e-2
 ,   2.338783136809181e-2
 , -5.9815179298826134e-2
 ,  5.4279249370901776e-2
 ,    0.10731186847549774
 ,  -7.848231148798124e-2
 ,   4.013825178411685e-2
 ,   4.788675993525783e-3
 ,   6.182249483655766e-2
 ,  1.2192324029151854e-2
 ,  -6.327967971148635e-2
 ,   5.867468831556842e-2
 ,  -9.988820916165463e-2
 ,  -7.819948411067205e-3
 ,   8.151933123829025e-2
 ,   1.867413685677264e-2
 ,   -4.68398465450859e-2
 ,   6.605889177663336e-2
 ,    5.74227255946609e-2
 ,   8.638628021904228e-2
 , -2.6665078500700413e-2
 ,    8.39423926788261e-2
 ,  -7.302848652159764e-3
 , -4.2099742751144115e-2
 ,   2.202803017097327e-2
 ,  -5.304773744356775e-2
 ,    8.47877397845565e-2
 ,    2.61441308608393e-3
 ,   3.336176776183011e-2
 , -4.4179176071678865e-2
 ,   3.789312679844631e-2
 ,    0.10020609566700618
 , -3.3528095731816566e-2
 ,   8.331799918985068e-2
 , -1.1992224790487432e-3
 ,  5.4402352709849194e-2
 , -2.5444339360751283e-2
 ,  1.3412627681129455e-2
 ,  1.2154844279283688e-2
 ,   6.577807109168873e-2
 , -4.9504277912720954e-2
 ,   -0.10343096936093876
 , -1.4146760699840163e-3
 ,  -7.987586194546407e-2
 ,   7.838719426339166e-2
 , -6.0651941616381835e-2
 ,   4.394822938760741e-2
 , -5.2359697459735906e-2
 ,  -7.543560592208619e-2
 ,   -9.18720416962439e-2
 ,  -4.793941199341317e-2
 ,  -2.597895956008815e-2
 ,    0.10593727851297512
 ,   8.107750028711362e-2
 ,  1.6267155303638748e-2
 , -2.7524835344098487e-2
 ,   3.502884875883996e-2
 ,   8.110865945119188e-2
 ,   -5.63147516791722e-2
 ,  -5.390504641122145e-2
 , -5.2882874085026545e-2
 ,  -7.501427537708022e-2
 ,   9.872547332275672e-2
 ,   5.617648217696656e-2
 , -5.8080175644306405e-2
 ,   8.993179445815003e-2
 ,   1.409102213410476e-2
 ,   3.763685522959403e-2
 ,  -9.662400722448211e-2
 ,   7.409801776294221e-2
 ,  -6.537883979143688e-2
 ,   3.832942831931248e-2
 ,  -8.712091315489259e-2
 ,  -4.162868752535882e-2
 ,   8.181299233926555e-2
 ,   9.853224573120817e-2
 , -1.6034399641524682e-2
 ,   7.228942208111928e-2
 ,   4.957329836844068e-2
 ,   1.376748149975023e-2
 ,    8.00877706414955e-2
 , -2.1957417815854054e-4
 ,   5.744128589069786e-2
 ,  -3.425137683161083e-2
 , -4.3056589577331335e-2
 ,   6.130735098667897e-3
 ,   5.178815571596465e-2
 ,     6.3201071166103e-2
 ,  -7.926577405898413e-2
 ,  -1.672507373985367e-2
 ,  -7.740180664006664e-2
 ,  -8.211962629471456e-2
 ,   4.506534346285739e-2
 ,   7.276097016479341e-2
 ,  -3.417524031555077e-3
 ,   8.065326302468118e-2
 ,  3.7418868496463316e-2
 ,   8.716399801582762e-2
 ,  -4.977841393308789e-2
 , -1.7878676993083396e-2
 ,  -7.404009888438025e-2
 , -1.0637859368555344e-2
 ,    0.10198362774561688
 ,  -7.777558592761766e-2
 ,  -3.239577713028039e-2
 ,   -8.51492951655261e-2
 ,   8.824660083930128e-2
 ,   -0.10680937090267759
 ,  -3.277830014050833e-2
 ,    0.12243044611463615
 ,  -4.712858532847624e-2
 ,  5.4323371668793495e-2
 ,  -3.685680493907062e-2
 , -1.0650184176280731e-2
 ,   4.183040224544097e-2
 ,   6.000656288911342e-2
 ,  -8.731127331813941e-2
 ,  -3.874089024135089e-2
 ,   2.245553398630466e-3
 ,  -6.994627828917792e-2
 ,   7.256734609904482e-2
 ,    -8.6967032813876e-2
 , -2.7149235074807262e-2
 ,  -6.267718550133404e-3
 ,   3.457332231274398e-2
 ,  1.0264708463712151e-3
 ,  2.2765530446130213e-3
 ,  -5.194439817305425e-2
 ,   -8.81200535289276e-2
 ,  6.0505399125379035e-2
 ,  -7.267913793235235e-2
 , -1.0827409750449296e-2
 ,   -3.56948847649901e-2
 ,   2.064103546713749e-2
 ,  3.7171297859422955e-2
 ,    8.98002414269873e-2
 ,   3.664216023231566e-2
 ,  3.0821513896752122e-2
 ,  -4.937731716963565e-2
 ,    0.10149583353440444
 ,    2.94172721412385e-2
 ,   5.612934452942627e-2
 ,  -4.352329359908557e-3
 ,  5.4592190247390204e-2
 ,  -7.261852023923651e-2
 ,  -3.347196069423117e-2
 ,   7.838997795176245e-2
 ,  -1.098271650216441e-2
 , -2.8698432120826498e-2
 ,  5.5531860428614924e-2
 ,  -6.852072053713439e-2
 ,  -4.595132383977805e-2
 , -5.8440556846498695e-2
 ,  -6.744513120824737e-2
 ,   8.081646315364326e-2
 ,    0.10201190216149499
 ,   9.771761347540667e-2
 ,   6.412779901395055e-2
 ,    -7.6551217415301e-2
 ,  -7.768836675742069e-2
 ,  2.0624034408533356e-2
 ,   9.506217488620178e-2
 , -2.1312188479146912e-2
 ,  1.6081932869853256e-2
 ,  -3.712744351478569e-2
 ,  5.6499484889835624e-2
 ,  -9.820237567229896e-2
 ,   5.631995752994366e-3
 ,   6.299073451645305e-2
 ,  -3.443024739888082e-2
 ,  2.9297347535634222e-2
 , -1.4390345261203284e-2
 , -6.1253077949327474e-2
 ,  1.4603082581915837e-2
 ,   -3.45769096577547e-3
 ,   6.731712158415534e-2
 ,   8.201514807225814e-3
 ,    5.60046290498236e-2
 ,  -2.777977427331842e-3
 ,  2.9661329259018317e-2
 ,   7.993721927103042e-2
 ,  -6.306835365896869e-2
 ,   3.490247938913892e-2
 ,   9.014415749149796e-2
 ,  -5.208878502677922e-2
 ,  -1.252329125843812e-2
 ,  -3.158479478695314e-2
 ,  1.6385403987393497e-2
 ,   9.620001631259467e-2
 , -1.3409878640545611e-2
 , -3.2711545969414946e-2
 ,  -9.085794082626848e-4
 ,   6.251578298376621e-2
 ,   9.760713684697857e-2
 ,  -6.675791116824545e-2
 ,  -8.022197680739673e-2
 ,   8.536602623418245e-3
 ,  -4.054157309786396e-3
 ,   8.246580178664954e-2
 ,  5.9906658366036696e-2
 ,  -9.376782932702044e-2
 ,  -6.089671983186863e-2
 ,  2.4804746145922235e-2
 ,   8.471605704428346e-2
 ,   6.494559773111071e-2
 ,  -9.435514527390804e-2
 ,   8.551774077576055e-2
 ,  -9.696213389963759e-2
 ,  -9.078449328658182e-2
 ,  -5.769876152951262e-2
 ,  1.4025809093132228e-2
 ,     6.6784420868787e-2
 ,  3.4677444689257444e-2
 ,   5.969446707824867e-2
 ,    0.10152369050794978
 ,  1.3077630598296463e-2
 ,    8.32030230987061e-2
 ,   9.166445045566844e-2
 ,   -6.13795429698443e-2
 ,   8.474650654597889e-2
 ,   9.132299462194923e-2
 ,   5.533036975597079e-2
 ,   7.062781419123348e-2
 , -5.1255279760770496e-2
 ,  -3.574758914552961e-2
 ,  -9.226995355628757e-3
 ,  3.6725442824302734e-2
 ,  -5.723910714420199e-2
 ,  1.0196707025710159e-2
 ,   9.834720678224896e-3
 ,   7.933423944164279e-2
 ,  2.6725171893623258e-2
 ,  5.1358427791234805e-2
 ,  1.1574702637309246e-2
 ,   1.460563885456285e-2
 , -3.8984455135612356e-2
 ,    0.10294203210500917
 ,  -9.949293701439939e-2
 ,   7.769941794184412e-3
 ,   -1.64352657788163e-2
 ,   3.891888095961563e-2 ],(10><1)
 [   4.137541181654804e-2
 , -3.6936179623725087e-3
 ,  -7.268118116197408e-2
 ,   8.499632793157158e-4
 ,    -7.5297098068219e-2
 , -2.9880685350279133e-2
 , -2.6146783749365046e-2
 ,   3.296291672898388e-2
 ,   6.775579645511985e-2
 ,  1.1910652533486697e-2 ]]